[pexels.jpeg]
filters=Soften=1,100.000000,0.000000;
moddate=53523f469ee8d201
width=4878
height=2065
textactive=0
